0	-1	-0.1	-1e-05	-1e-07	-1	-0.1	-1e-05	-1e-07
1	-1	-0.1	-1e-05	-5e-08	-1	-0.1	-1e-05	-5e-08
2	-1	-0.1	-1e-05	0	-1	-0.1	-1e-05	0
3	-1	-0.1	-1e-05	5e-08	-1	-0.1	-1e-05	5e-08
4	-1	-0.1	-1e-05	1e-07	-1	-0.1	-1e-05	1e-07
5	-1	-0.1	-5e-06	-1e-07	-1	-0.1	-5e-06	-1e-07
6	-1	-0.1	-5e-06	-5e-08	-1	-0.1	-5e-06	-5e-08
7	-1	-0.1	-5e-06	0	-1	-0.1	-5e-06	0
8	-1	-0.1	-5e-06	5e-08	-1	-0.1	-5e-06	5e-08
9	-1	-0.1	-5e-06	1e-07	-1	-0.1	-5e-06	1e-07
10	-1	-0.1	0	-1e-07	-1	-0.1	0	-1e-07
11	-1	-0.1	0	-5e-08	-1	-0.1	0	-5e-08
12	-1	-0.1	0	0	-1	-0.1	0	0
13	-1	-0.1	0	5e-08	-1	-0.1	0	5e-08
14	-1	-0.1	0	1e-07	-1	-0.1	0	1e-07
15	-1	-0.1	5e-06	-1e-07	-1	-0.1	5e-06	-1e-07
16	-1	-0.1	5e-06	-5e-08	-1	-0.1	5e-06	-5e-08
17	-1	-0.1	5e-06	0	-1	-0.1	5e-06	0
18	-1	-0.1	5e-06	5e-08	-1	-0.1	5e-06	5e-08
19	-1	-0.1	5e-06	1e-07	-1	-0.1	5e-06	1e-07
20	-1	-0.1	1e-05	-1e-07	-1	-0.1	1e-05	-1e-07
21	-1	-0.1	1e-05	-5e-08	-1	-0.1	1e-05	-5e-08
22	-1	-0.1	1e-05	0	-1	-0.1	1e-05	0
23	-1	-0.1	1e-05	5e-08	-1	-0.1	1e-05	5e-08
24	-1	-0.1	1e-05	1e-07	-1	-0.1	1e-05	1e-07
25	-1	-0.05	-1e-05	-1e-07	-1	-0.05	-1e-05	-1e-07
26	-1	-0.05	-1e-05	-5e-08	-1	-0.05	-1e-05	-5e-08
27	-1	-0.05	-1e-05	0	-1	-0.05	-1e-05	0
28	-1	-0.05	-1e-05	5e-08	-1	-0.05	-1e-05	5e-08
29	-1	-0.05	-1e-05	1e-07	-1	-0.05	-1e-05	1e-07
30	-1	-0.05	-5e-06	-1e-07	-1	-0.05	-5e-06	-1e-07
31	-1	-0.05	-5e-06	-5e-08	-1	-0.05	-5e-06	-5e-08
32	-1	-0.05	-5e-06	0	-1	-0.05	-5e-06	0
33	-1	-0.05	-5e-06	5e-08	-1	-0.05	-5e-06	5e-08
34	-1	-0.05	-5e-06	1e-07	-1	-0.05	-5e-06	1e-07
35	-1	-0.05	0	-1e-07	-1	-0.05	0	-1e-07
36	-1	-0.05	0	-5e-08	-1	-0.05	0	-5e-08
37	-1	-0.05	0	0	-1	-0.05	0	0
38	-1	-0.05	0	5e-08	-1	-0.05	0	5e-08
39	-1	-0.05	0	1e-07	-1	-0.05	0	1e-07
40	-1	-0.05	5e-06	-1e-07	-1	-0.05	5e-06	-1e-07
41	-1	-0.05	5e-06	-5e-08	-1	-0.05	5e-06	-5e-08
42	-1	-0.05	5e-06	0	-1	-0.05	5e-06	0
43	-1	-0.05	5e-06	5e-08	-1	-0.05	5e-06	5e-08
44	-1	-0.05	5e-06	1e-07	-1	-0.05	5e-06	1e-07
45	-1	-0.05	1e-05	-1e-07	-1	-0.05	1e-05	-1e-07
46	-1	-0.05	1e-05	-5e-08	-1	-0.05	1e-05	-5e-08
47	-1	-0.05	1e-05	0	-1	-0.05	1e-05	0
48	-1	-0.05	1e-05	5e-08	-1	-0.05	1e-05	5e-08
49	-1	-0.05	1e-05	1e-07	-1	-0.05	1e-05	1e-07
50	-1	0	-1e-05	-1e-07	-1	0	-1e-05	-1e-07
51	-1	0	-1e-05	-5e-08	-1	0	-1e-05	-5e-08
52	-1	0	-1e-05	0	-1	0	-1e-05	0
53	-1	0	-1e-05	5e-08	-1	0	-1e-05	5e-08
54	-1	0	-1e-05	1e-07	-1	0	-1e-05	1e-07
55	-1	0	-5e-06	-1e-07	-1	0	-5e-06	-1e-07
56	-1	0	-5e-06	-5e-08	-1	0	-5e-06	-5e-08
57	-1	0	-5e-06	0	-1	0	-5e-06	0
58	-1	0	-5e-06	5e-08	-1	0	-5e-06	5e-08
59	-1	0	-5e-06	1e-07	-1	0	-5e-06	1e-07
60	-1	0	0	-1e-07	-1	0	0	-1e-07
61	-1	0	0	-5e-08	-1	0	0	-5e-08
62	-1	0	0	0	-1	0	0	0
63	-1	0	0	5e-08	-1	0	0	5e-08
64	-1	0	0	1e-07	-1	0	0	1e-07
65	-1	0	5e-06	-1e-07	-1	0	5e-06	-1e-07
66	-1	0	5e-06	-5e-08	-1	0	5e-06	-5e-08
67	-1	0	5e-06	0	-1	0	5e-06	0
68	-1	0	5e-06	5e-08	-1	0	5e-06	5e-08
69	-1	0	5e-06	1e-07	-1	0	5e-06	1e-07
70	-1	0	1e-05	-1e-07	-1	0	1e-05	-1e-07
71	-1	0	1e-05	-5e-08	-1	0	1e-05	-5e-08
72	-1	0	1e-05	0	-1	0	1e-05	0
73	-1	0	1e-05	5e-08	-1	0	1e-05	5e-08
74	-1	0	1e-05	1e-07	-1	0	1e-05	1e-07
75	-1	0.05	-1e-05	-1e-07	-1	0.05	-1e-05	-1e-07
76	-1	0.05	-1e-05	-5e-08	-1	0.05	-1e-05	-5e-08
77	-1	0.05	-1e-05	0	-1	0.05	-1e-05	0
78	-1	0.05	-1e-05	5e-08	-1	0.05	-1e-05	5e-08
79	-1	0.05	-1e-05	1e-07	-1	0.05	-1e-05	1e-07
80	-1	0.05	-5e-06	-1e-07	-1	0.05	-5e-06	-1e-07
81	-1	0.05	-5e-06	-5e-08	-1	0.05	-5e-06	-5e-08
82	-1	0.05	-5e-06	0	-1	0.05	-5e-06	0
83	-1	0.05	-5e-06	5e-08	-1	0.05	-5e-06	5e-08
84	-1	0.05	-5e-06	1e-07	-1	0.05	-5e-06	1e-07
85	-1	0.05	0	-1e-07	-1	0.05	0	-1e-07
86	-1	0.05	0	-5e-08	-1	0.05	0	-5e-08
87	-1	0.05	0	0	-1	0.05	0	0
88	-1	0.05	0	5e-08	-1	0.05	0	5e-08
89	-1	0.05	0	1e-07	-1	0.05	0	1e-07
90	-1	0.05	5e-06	-1e-07	-1	0.05	5e-06	-1e-07
91	-1	0.05	5e-06	-5e-08	-1	0.05	5e-06	-5e-08
92	-1	0.05	5e-06	0	-1	0.05	5e-06	0
93	-1	0.05	5e-06	5e-08	-1	0.05	5e-06	5e-08
94	-1	0.05	5e-06	1e-07	-1	0.05	5e-06	1e-07
95	-1	0.05	1e-05	-1e-07	-1	0.05	1e-05	-1e-07
96	-1	0.05	1e-05	-5e-08	-1	0.05	1e-05	-5e-08
97	-1	0.05	1e-05	0	-1	0.05	1e-05	0
98	-1	0.05	1e-05	5e-08	-1	0.05	1e-05	5e-08
99	-1	0.05	1e-05	1e-07	-1	0.05	1e-05	1e-07
100	-1	0.1	-1e-05	-1e-07	-1	0.1	-1e-05	-1e-07
101	-1	0.1	-1e-05	-5e-08	-1	0.1	-1e-05	-5e-08
102	-1	0.1	-1e-05	0	-1	0.1	-1e-05	0
103	-1	0.1	-1e-05	5e-08	-1	0.1	-1e-05	5e-08
104	-1	0.1	-1e-05	1e-07	-1	0.1	-1e-05	1e-07
105	-1	0.1	-5e-06	-1e-07	-1	0.1	-5e-06	-1e-07
106	-1	0.1	-5e-06	-5e-08	-1	0.1	-5e-06	-5e-08
107	-1	0.1	-5e-06	0	-1	0.1	-5e-06	0
108	-1	0.1	-5e-06	5e-08	-1	0.1	-5e-06	5e-08
109	-1	0.1	-5e-06	1e-07	-1	0.1	-5e-06	1e-07
110	-1	0.1	0	-1e-07	-1	0.1	0	-1e-07
111	-1	0.1	0	-5e-08	-1	0.1	0	-5e-08
112	-1	0.1	0	0	-1	0.1	0	0
113	-1	0.1	0	5e-08	-1	0.1	0	5e-08
114	-1	0.1	0	1e-07	-1	0.1	0	1e-07
115	-1	0.1	5e-06	-1e-07	-1	0.1	5e-06	-1e-07
116	-1	0.1	5e-06	-5e-08	-1	0.1	5e-06	-5e-08
117	-1	0.1	5e-06	0	-1	0.1	5e-06	0
118	-1	0.1	5e-06	5e-08	-1	0.1	5e-06	5e-08
119	-1	0.1	5e-06	1e-07	-1	0.1	5e-06	1e-07
120	-1	0.1	1e-05	-1e-07	-1	0.1	1e-05	-1e-07
121	-1	0.1	1e-05	-5e-08	-1	0.1	1e-05	-5e-08
122	-1	0.1	1e-05	0	-1	0.1	1e-05	0
123	-1	0.1	1e-05	5e-08	-1	0.1	1e-05	5e-08
124	-1	0.1	1e-05	1e-07	-1	0.1	1e-05	1e-07
125	-0.5	-0.1	-1e-05	-1e-07	-0.5	-0.1	-1e-05	-1e-07
126	-0.5	-0.1	-1e-05	-5e-08	-0.5	-0.1	-1e-05	-5e-08
127	-0.5	-0.1	-1e-05	0	-0.5	-0.1	-1e-05	0
128	-0.5	-0.1	-1e-05	5e-08	-0.5	-0.1	-1e-05	5e-08
129	-0.5	-0.1	-1e-05	1e-07	-0.5	-0.1	-1e-05	1e-07
130	-0.5	-0.1	-5e-06	-1e-07	-0.5	-0.1	-5e-06	-1e-07
131	-0.5	-0.1	-5e-06	-5e-08	-0.5	-0.1	-5e-06	-5e-08
132	-0.5	-0.1	-5e-06	0	-0.5	-0.1	-5e-06	0
133	-0.5	-0.1	-5e-06	5e-08	-0.5	-0.1	-5e-06	5e-08
134	-0.5	-0.1	-5e-06	1e-07	-0.5	-0.1	-5e-06	1e-07
135	-0.5	-0.1	0	-1e-07	-0.5	-0.1	0	-1e-07
136	-0.5	-0.1	0	-5e-08	-0.5	-0.1	0	-5e-08
137	-0.5	-0.1	0	0	-0.5	-0.1	0	0
138	-0.5	-0.1	0	5e-08	-0.5	-0.1	0	5e-08
139	-0.5	-0.1	0	1e-07	-0.5	-0.1	0	1e-07
140	-0.5	-0.1	5e-06	-1e-07	-0.5	-0.1	5e-06	-1e-07
141	-0.5	-0.1	5e-06	-5e-08	-0.5	-0.1	5e-06	-5e-08
142	-0.5	-0.1	5e-06	0	-0.5	-0.1	5e-06	0
143	-0.5	-0.1	5e-06	5e-08	-0.5	-0.1	5e-06	5e-08
144	-0.5	-0.1	5e-06	1e-07	-0.5	-0.1	5e-06	1e-07
145	-0.5	-0.1	1e-05	-1e-07	-0.5	-0.1	1e-05	-1e-07
146	-0.5	-0.1	1e-05	-5e-08	-0.5	-0.1	1e-05	-5e-08
147	-0.5	-0.1	1e-05	0	-0.5	-0.1	1e-05	0
148	-0.5	-0.1	1e-05	5e-08	-0.5	-0.1	1e-05	5e-08
149	-0.5	-0.1	1e-05	1e-07	-0.5	-0.1	1e-05	1e-07
150	-0.5	-0.05	-1e-05	-1e-07	-0.5	-0.05	-1e-05	-1e-07
151	-0.5	-0.05	-1e-05	-5e-08	-0.5	-0.05	-1e-05	-5e-08
152	-0.5	-0.05	-1e-05	0	-0.5	-0.05	-1e-05	0
153	-0.5	-0.05	-1e-05	5e-08	-0.5	-0.05	-1e-05	5e-08
154	-0.5	-0.05	-1e-05	1e-07	-0.5	-0.05	-1e-05	1e-07
155	-0.5	-0.05	-5e-06	-1e-07	-0.5	-0.05	-5e-06	-1e-07
156	-0.5	-0.05	-5e-06	-5e-08	-0.5	-0.05	-5e-06	-5e-08
157	-0.5	-0.05	-5e-06	0	-0.5	-0.05	-5e-06	0
158	-0.5	-0.05	-5e-06	5e-08	-0.5	-0.05	-5e-06	5e-08
159	-0.5	-0.05	-5e-06	1e-07	-0.5	-0.05	-5e-06	1e-07
160	-0.5	-0.05	0	-1e-07	-0.5	-0.05	0	-1e-07
161	-0.5	-0.05	0	-5e-08	-0.5	-0.05	0	-5e-08
162	-0.5	-0.05	0	0	-0.5	-0.05	0	0
163	-0.5	-0.05	0	5e-08	-0.5	-0.05	0	5e-08
164	-0.5	-0.05	0	1e-07	-0.5	-0.05	0	1e-07
165	-0.5	-0.05	5e-06	-1e-07	-0.5	-0.05	5e-06	-1e-07
166	-0.5	-0.05	5e-06	-5e-08	-0.5	-0.05	5e-06	-5e-08
167	-0.5	-0.05	5e-06	0	-0.5	-0.05	5e-06	0
168	-0.5	-0.05	5e-06	5e-08	-0.5	-0.05	5e-06	5e-08
169	-0.5	-0.05	5e-06	1e-07	-0.5	-0.05	5e-06	1e-07
170	-0.5	-0.05	1e-05	-1e-07	-0.5	-0.05	1e-05	-1e-07
171	-0.5	-0.05	1e-05	-5e-08	-0.5	-0.05	1e-05	-5e-08
172	-0.5	-0.05	1e-05	0	-0.5	-0.05	1e-05	0
173	-0.5	-0.05	1e-05	5e-08	-0.5	-0.05	1e-05	5e-08
174	-0.5	-0.05	1e-05	1e-07	-0.5	-0.05	1e-05	1e-07
175	-0.5	0	-1e-05	-1e-07	-0.5	0	-1e-05	-1e-07
176	-0.5	0	-1e-05	-5e-08	-0.5	0	-1e-05	-5e-08
177	-0.5	0	-1e-05	0	-0.5	0	-1e-05	0
178	-0.5	0	-1e-05	5e-08	-0.5	0	-1e-05	5e-08
179	-0.5	0	-1e-05	1e-07	-0.5	0	-1e-05	1e-07
180	-0.5	0	-5e-06	-1e-07	-0.5	0	-5e-06	-1e-07
181	-0.5	0	-5e-06	-5e-08	-0.5	0	-5e-06	-5e-08
182	-0.5	0	-5e-06	0	-0.5	0	-5e-06	0
183	-0.5	0	-5e-06	5e-08	-0.5	0	-5e-06	5e-08
184	-0.5	0	-5e-06	1e-07	-0.5	0	-5e-06	1e-07
185	-0.5	0	0	-1e-07	-0.5	0	0	-1e-07
186	-0.5	0	0	-5e-08	-0.5	0	0	-5e-08
187	-0.5	0	0	0	-0.5	0	0	0
188	-0.5	0	0	5e-08	-0.5	0	0	5e-08
189	-0.5	0	0	1e-07	-0.5	0	0	1e-07
190	-0.5	0	5e-06	-1e-07	-0.5	0	5e-06	-1e-07
191	-0.5	0	5e-06	-5e-08	-0.5	0	5e-06	-5e-08
192	-0.5	0	5e-06	0	-0.5	0	5e-06	0
193	-0.5	0	5e-06	5e-08	-0.5	0	5e-06	5e-08
194	-0.5	0	5e-06	1e-07	-0.5	0	5e-06	1e-07
195	-0.5	0	1e-05	-1e-07	-0.5	0	1e-05	-1e-07
196	-0.5	0	1e-05	-5e-08	-0.5	0	1e-05	-5e-08
197	-0.5	0	1e-05	0	-0.5	0	1e-05	0
198	-0.5	0	1e-05	5e-08	-0.5	0	1e-05	5e-08
199	-0.5	0	1e-05	1e-07	-0.5	0	1e-05	1e-07
200	-0.5	0.05	-1e-05	-1e-07	-0.5	0.05	-1e-05	-1e-07
201	-0.5	0.05	-1e-05	-5e-08	-0.5	0.05	-1e-05	-5e-08
202	-0.5	0.05	-1e-05	0	-0.5	0.05	-1e-05	0
203	-0.5	0.05	-1e-05	5e-08	-0.5	0.05	-1e-05	5e-08
204	-0.5	0.05	-1e-05	1e-07	-0.5	0.05	-1e-05	1e-07
205	-0.5	0.05	-5e-06	-1e-07	-0.5	0.05	-5e-06	-1e-07
206	-0.5	0.05	-5e-06	-5e-08	-0.5	0.05	-5e-06	-5e-08
207	-0.5	0.05	-5e-06	0	-0.5	0.05	-5e-06	0
208	-0.5	0.05	-5e-06	5e-08	-0.5	0.05	-5e-06	5e-08
209	-0.5	0.05	-5e-06	1e-07	-0.5	0.05	-5e-06	1e-07
210	-0.5	0.05	0	-1e-07	-0.5	0.05	0	-1e-07
211	-0.5	0.05	0	-5e-08	-0.5	0.05	0	-5e-08
212	-0.5	0.05	0	0	-0.5	0.05	0	0
213	-0.5	0.05	0	5e-08	-0.5	0.05	0	5e-08
214	-0.5	0.05	0	1e-07	-0.5	0.05	0	1e-07
215	-0.5	0.05	5e-06	-1e-07	-0.5	0.05	5e-06	-1e-07
216	-0.5	0.05	5e-06	-5e-08	-0.5	0.05	5e-06	-5e-08
217	-0.5	0.05	5e-06	0	-0.5	0.05	5e-06	0
218	-0.5	0.05	5e-06	5e-08	-0.5	0.05	5e-06	5e-08
219	-0.5	0.05	5e-06	1e-07	-0.5	0.05	5e-06	1e-07
220	-0.5	0.05	1e-05	-1e-07	-0.5	0.05	1e-05	-1e-07
221	-0.5	0.05	1e-05	-5e-08	-0.5	0.05	1e-05	-5e-08
222	-0.5	0.05	1e-05	0	-0.5	0.05	1e-05	0
223	-0.5	0.05	1e-05	5e-08	-0.5	0.05	1e-05	5e-08
224	-0.5	0.05	1e-05	1e-07	-0.5	0.05	1e-05	1e-07
225	-0.5	0.1	-1e-05	-1e-07	-0.5	0.1	-1e-05	-1e-07
226	-0.5	0.1	-1e-05	-5e-08	-0.5	0.1	-1e-05	-5e-08
227	-0.5	0.1	-1e-05	0	-0.5	0.1	-1e-05	0
228	-0.5	0.1	-1e-05	5e-08	-0.5	0.1	-1e-05	5e-08
229	-0.5	0.1	-1e-05	1e-07	-0.5	0.1	-1e-05	1e-07
230	-0.5	0.1	-5e-06	-1e-07	-0.5	0.1	-5e-06	-1e-07
231	-0.5	0.1	-5e-06	-5e-08	-0.5	0.1	-5e-06	-5e-08
232	-0.5	0.1	-5e-06	0	-0.5	0.1	-5e-06	0
233	-0.5	0.1	-5e-06	5e-08	-0.5	0.1	-5e-06	5e-08
234	-0.5	0.1	-5e-06	1e-07	-0.5	0.1	-5e-06	1e-07
235	-0.5	0.1	0	-1e-07	-0.5	0.1	0	-1e-07
236	-0.5	0.1	0	-5e-08	-0.5	0.1	0	-5e-08
237	-0.5	0.1	0	0	-0.5	0.1	0	0
238	-0.5	0.1	0	5e-08	-0.5	0.1	0	5e-08
239	-0.5	0.1	0	1e-07	-0.5	0.1	0	1e-07
240	-0.5	0.1	5e-06	-1e-07	-0.5	0.1	5e-06	-1e-07
241	-0.5	0.1	5e-06	-5e-08	-0.5	0.1	5e-06	-5e-08
242	-0.5	0.1	5e-06	0	-0.5	0.1	5e-06	0
243	-0.5	0.1	5e-06	5e-08	-0.5	0.1	5e-06	5e-08
244	-0.5	0.1	5e-06	1e-07	-0.5	0.1	5e-06	1e-07
245	-0.5	0.1	1e-05	-1e-07	-0.5	0.1	1e-05	-1e-07
246	-0.5	0.1	1e-05	-5e-08	-0.5	0.1	1e-05	-5e-08
247	-0.5	0.1	1e-05	0	-0.5	0.1	1e-05	0
248	-0.5	0.1	1e-05	5e-08	-0.5	0.1	1e-05	5e-08
249	-0.5	0.1	1e-05	1e-07	-0.5	0.1	1e-05	1e-07
250	0	-0.1	-1e-05	-1e-07	0	-0.1	-1e-05	-1e-07
251	0	-0.1	-1e-05	-5e-08	0	-0.1	-1e-05	-5e-08
252	0	-0.1	-1e-05	0	0	-0.1	-1e-05	0
253	0	-0.1	-1e-05	5e-08	0	-0.1	-1e-05	5e-08
254	0	-0.1	-1e-05	1e-07	0	-0.1	-1e-05	1e-07
255	0	-0.1	-5e-06	-1e-07	0	-0.1	-5e-06	-1e-07
256	0	-0.1	-5e-06	-5e-08	0	-0.1	-5e-06	-5e-08
257	0	-0.1	-5e-06	0	0	-0.1	-5e-06	0
258	0	-0.1	-5e-06	5e-08	0	-0.1	-5e-06	5e-08
259	0	-0.1	-5e-06	1e-07	0	-0.1	-5e-06	1e-07
260	0	-0.1	0	-1e-07	0	-0.1	0	-1e-07
261	0	-0.1	0	-5e-08	0	-0.1	0	-5e-08
262	0	-0.1	0	0	0	-0.1	0	0
263	0	-0.1	0	5e-08	0	-0.1	0	5e-08
264	0	-0.1	0	1e-07	0	-0.1	0	1e-07
265	0	-0.1	5e-06	-1e-07	0	-0.1	5e-06	-1e-07
266	0	-0.1	5e-06	-5e-08	0	-0.1	5e-06	-5e-08
267	0	-0.1	5e-06	0	0	-0.1	5e-06	0
268	0	-0.1	5e-06	5e-08	0	-0.1	5e-06	5e-08
269	0	-0.1	5e-06	1e-07	0	-0.1	5e-06	1e-07
270	0	-0.1	1e-05	-1e-07	0	-0.1	1e-05	-1e-07
271	0	-0.1	1e-05	-5e-08	0	-0.1	1e-05	-5e-08
272	0	-0.1	1e-05	0	0	-0.1	1e-05	0
273	0	-0.1	1e-05	5e-08	0	-0.1	1e-05	5e-08
274	0	-0.1	1e-05	1e-07	0	-0.1	1e-05	1e-07
275	0	-0.05	-1e-05	-1e-07	0	-0.05	-1e-05	-1e-07
276	0	-0.05	-1e-05	-5e-08	0	-0.05	-1e-05	-5e-08
277	0	-0.05	-1e-05	0	0	-0.05	-1e-05	0
278	0	-0.05	-1e-05	5e-08	0	-0.05	-1e-05	5e-08
279	0	-0.05	-1e-05	1e-07	0	-0.05	-1e-05	1e-07
280	0	-0.05	-5e-06	-1e-07	0	-0.05	-5e-06	-1e-07
281	0	-0.05	-5e-06	-5e-08	0	-0.05	-5e-06	-5e-08
282	0	-0.05	-5e-06	0	0	-0.05	-5e-06	0
283	0	-0.05	-5e-06	5e-08	0	-0.05	-5e-06	5e-08
284	0	-0.05	-5e-06	1e-07	0	-0.05	-5e-06	1e-07
285	0	-0.05	0	-1e-07	0	-0.05	0	-1e-07
286	0	-0.05	0	-5e-08	0	-0.05	0	-5e-08
287	0	-0.05	0	0	0	-0.05	0	0
288	0	-0.05	0	5e-08	0	-0.05	0	5e-08
289	0	-0.05	0	1e-07	0	-0.05	0	1e-07
290	0	-0.05	5e-06	-1e-07	0	-0.05	5e-06	-1e-07
291	0	-0.05	5e-06	-5e-08	0	-0.05	5e-06	-5e-08
292	0	-0.05	5e-06	0	0	-0.05	5e-06	0
293	0	-0.05	5e-06	5e-08	0	-0.05	5e-06	5e-08
294	0	-0.05	5e-06	1e-07	0	-0.05	5e-06	1e-07
295	0	-0.05	1e-05	-1e-07	0	-0.05	1e-05	-1e-07
296	0	-0.05	1e-05	-5e-08	0	-0.05	1e-05	-5e-08
297	0	-0.05	1e-05	0	0	-0.05	1e-05	0
298	0	-0.05	1e-05	5e-08	0	-0.05	1e-05	5e-08
299	0	-0.05	1e-05	1e-07	0	-0.05	1e-05	1e-07
300	0	0	-1e-05	-1e-07	0	0	-1e-05	-1e-07
301	0	0	-1e-05	-5e-08	0	0	-1e-05	-5e-08
302	0	0	-1e-05	0	0	0	-1e-05	0
303	0	0	-1e-05	5e-08	0	0	-1e-05	5e-08
304	0	0	-1e-05	1e-07	0	0	-1e-05	1e-07
305	0	0	-5e-06	-1e-07	0	0	-5e-06	-1e-07
306	0	0	-5e-06	-5e-08	0	0	-5e-06	-5e-08
307	0	0	-5e-06	0	0	0	-5e-06	0
308	0	0	-5e-06	5e-08	0	0	-5e-06	5e-08
309	0	0	-5e-06	1e-07	0	0	-5e-06	1e-07
310	0	0	0	-1e-07	0	0	0	-1e-07
311	0	0	0	-5e-08	0	0	0	-5e-08
312	0	0	0	0	0	0	0	0
313	0	0	0	5e-08	0	0	0	5e-08
314	0	0	0	1e-07	0	0	0	1e-07
315	0	0	5e-06	-1e-07	0	0	5e-06	-1e-07
316	0	0	5e-06	-5e-08	0	0	5e-06	-5e-08
317	0	0	5e-06	0	0	0	5e-06	0
318	0	0	5e-06	5e-08	0	0	5e-06	5e-08
319	0	0	5e-06	1e-07	0	0	5e-06	1e-07
320	0	0	1e-05	-1e-07	0	0	1e-05	-1e-07
321	0	0	1e-05	-5e-08	0	0	1e-05	-5e-08
322	0	0	1e-05	0	0	0	1e-05	0
323	0	0	1e-05	5e-08	0	0	1e-05	5e-08
324	0	0	1e-05	1e-07	0	0	1e-05	1e-07
325	0	0.05	-1e-05	-1e-07	0	0.05	-1e-05	-1e-07
326	0	0.05	-1e-05	-5e-08	0	0.05	-1e-05	-5e-08
327	0	0.05	-1e-05	0	0	0.05	-1e-05	0
328	0	0.05	-1e-05	5e-08	0	0.05	-1e-05	5e-08
329	0	0.05	-1e-05	1e-07	0	0.05	-1e-05	1e-07
330	0	0.05	-5e-06	-1e-07	0	0.05	-5e-06	-1e-07
331	0	0.05	-5e-06	-5e-08	0	0.05	-5e-06	-5e-08
332	0	0.05	-5e-06	0	0	0.05	-5e-06	0
333	0	0.05	-5e-06	5e-08	0	0.05	-5e-06	5e-08
334	0	0.05	-5e-06	1e-07	0	0.05	-5e-06	1e-07
335	0	0.05	0	-1e-07	0	0.05	0	-1e-07
336	0	0.05	0	-5e-08	0	0.05	0	-5e-08
337	0	0.05	0	0	0	0.05	0	0
338	0	0.05	0	5e-08	0	0.05	0	5e-08
339	0	0.05	0	1e-07	0	0.05	0	1e-07
340	0	0.05	5e-06	-1e-07	0	0.05	5e-06	-1e-07
341	0	0.05	5e-06	-5e-08	0	0.05	5e-06	-5e-08
342	0	0.05	5e-06	0	0	0.05	5e-06	0
343	0	0.05	5e-06	5e-08	0	0.05	5e-06	5e-08
344	0	0.05	5e-06	1e-07	0	0.05	5e-06	1e-07
345	0	0.05	1e-05	-1e-07	0	0.05	1e-05	-1e-07
346	0	0.05	1e-05	-5e-08	0	0.05	1e-05	-5e-08
347	0	0.05	1e-05	0	0	0.05	1e-05	0
348	0	0.05	1e-05	5e-08	0	0.05	1e-05	5e-08
349	0	0.05	1e-05	1e-07	0	0.05	1e-05	1e-07
350	0	0.1	-1e-05	-1e-07	0	0.1	-1e-05	-1e-07
351	0	0.1	-1e-05	-5e-08	0	0.1	-1e-05	-5e-08
352	0	0.1	-1e-05	0	0	0.1	-1e-05	0
353	0	0.1	-1e-05	5e-08	0	0.1	-1e-05	5e-08
354	0	0.1	-1e-05	1e-07	0	0.1	-1e-05	1e-07
355	0	0.1	-5e-06	-1e-07	0	0.1	-5e-06	-1e-07
356	0	0.1	-5e-06	-5e-08	0	0.1	-5e-06	-5e-08
357	0	0.1	-5e-06	0	0	0.1	-5e-06	0
358	0	0.1	-5e-06	5e-08	0	0.1	-5e-06	5e-08
359	0	0.1	-5e-06	1e-07	0	0.1	-5e-06	1e-07
360	0	0.1	0	-1e-07	0	0.1	0	-1e-07
361	0	0.1	0	-5e-08	0	0.1	0	-5e-08
362	0	0.1	0	0	0	0.1	0	0
363	0	0.1	0	5e-08	0	0.1	0	5e-08
364	0	0.1	0	1e-07	0	0.1	0	1e-07
365	0	0.1	5e-06	-1e-07	0	0.1	5e-06	-1e-07
366	0	0.1	5e-06	-5e-08	0	0.1	5e-06	-5e-08
367	0	0.1	5e-06	0	0	0.1	5e-06	0
368	0	0.1	5e-06	5e-08	0	0.1	5e-06	5e-08
369	0	0.1	5e-06	1e-07	0	0.1	5e-06	1e-07
370	0	0.1	1e-05	-1e-07	0	0.1	1e-05	-1e-07
371	0	0.1	1e-05	-5e-08	0	0.1	1e-05	-5e-08
372	0	0.1	1e-05	0	0	0.1	1e-05	0
373	0	0.1	1e-05	5e-08	0	0.1	1e-05	5e-08
374	0	0.1	1e-05	1e-07	0	0.1	1e-05	1e-07
375	0.5	-0.1	-1e-05	-1e-07	0.5	-0.1	-1e-05	-1e-07
376	0.5	-0.1	-1e-05	-5e-08	0.5	-0.1	-1e-05	-5e-08
377	0.5	-0.1	-1e-05	0	0.5	-0.1	-1e-05	0
378	0.5	-0.1	-1e-05	5e-08	0.5	-0.1	-1e-05	5e-08
379	0.5	-0.1	-1e-05	1e-07	0.5	-0.1	-1e-05	1e-07
380	0.5	-0.1	-5e-06	-1e-07	0.5	-0.1	-5e-06	-1e-07
381	0.5	-0.1	-5e-06	-5e-08	0.5	-0.1	-5e-06	-5e-08
382	0.5	-0.1	-5e-06	0	0.5	-0.1	-5e-06	0
383	0.5	-0.1	-5e-06	5e-08	0.5	-0.1	-5e-06	5e-08
384	0.5	-0.1	-5e-06	1e-07	0.5	-0.1	-5e-06	1e-07
385	0.5	-0.1	0	-1e-07	0.5	-0.1	0	-1e-07
386	0.5	-0.1	0	-5e-08	0.5	-0.1	0	-5e-08
387	0.5	-0.1	0	0	0.5	-0.1	0	0
388	0.5	-0.1	0	5e-08	0.5	-0.1	0	5e-08
389	0.5	-0.1	0	1e-07	0.5	-0.1	0	1e-07
390	0.5	-0.1	5e-06	-1e-07	0.5	-0.1	5e-06	-1e-07
391	0.5	-0.1	5e-06	-5e-08	0.5	-0.1	5e-06	-5e-08
392	0.5	-0.1	5e-06	0	0.5	-0.1	5e-06	0
393	0.5	-0.1	5e-06	5e-08	0.5	-0.1	5e-06	5e-08
394	0.5	-0.1	5e-06	1e-07	0.5	-0.1	5e-06	1e-07
395	0.5	-0.1	1e-05	-1e-07	0.5	-0.1	1e-05	-1e-07
396	0.5	-0.1	1e-05	-5e-08	0.5	-0.1	1e-05	-5e-08
397	0.5	-0.1	1e-05	0	0.5	-0.1	1e-05	0
398	0.5	-0.1	1e-05	5e-08	0.5	-0.1	1e-05	5e-08
399	0.5	-0.1	1e-05	1e-07	0.5	-0.1	1e-05	1e-07
400	0.5	-0.05	-1e-05	-1e-07	0.5	-0.05	-1e-05	-1e-07
401	0.5	-0.05	-1e-05	-5e-08	0.5	-0.05	-1e-05	-5e-08
402	0.5	-0.05	-1e-05	0	0.5	-0.05	-1e-05	0
403	0.5	-0.05	-1e-05	5e-08	0.5	-0.05	-1e-05	5e-08
404	0.5	-0.05	-1e-05	1e-07	0.5	-0.05	-1e-05	1e-07
405	0.5	-0.05	-5e-06	-1e-07	0.5	-0.05	-5e-06	-1e-07
406	0.5	-0.05	-5e-06	-5e-08	0.5	-0.05	-5e-06	-5e-08
407	0.5	-0.05	-5e-06	0	0.5	-0.05	-5e-06	0
408	0.5	-0.05	-5e-06	5e-08	0.5	-0.05	-5e-06	5e-08
409	0.5	-0.05	-5e-06	1e-07	0.5	-0.05	-5e-06	1e-07
410	0.5	-0.05	0	-1e-07	0.5	-0.05	0	-1e-07
411	0.5	-0.05	0	-5e-08	0.5	-0.05	0	-5e-08
412	0.5	-0.05	0	0	0.5	-0.05	0	0
413	0.5	-0.05	0	5e-08	0.5	-0.05	0	5e-08
414	0.5	-0.05	0	1e-07	0.5	-0.05	0	1e-07
415	0.5	-0.05	5e-06	-1e-07	0.5	-0.05	5e-06	-1e-07
416	0.5	-0.05	5e-06	-5e-08	0.5	-0.05	5e-06	-5e-08
417	0.5	-0.05	5e-06	0	0.5	-0.05	5e-06	0
418	0.5	-0.05	5e-06	5e-08	0.5	-0.05	5e-06	5e-08
419	0.5	-0.05	5e-06	1e-07	0.5	-0.05	5e-06	1e-07
420	0.5	-0.05	1e-05	-1e-07	0.5	-0.05	1e-05	-1e-07
421	0.5	-0.05	1e-05	-5e-08	0.5	-0.05	1e-05	-5e-08
422	0.5	-0.05	1e-05	0	0.5	-0.05	1e-05	0
423	0.5	-0.05	1e-05	5e-08	0.5	-0.05	1e-05	5e-08
424	0.5	-0.05	1e-05	1e-07	0.5	-0.05	1e-05	1e-07
425	0.5	0	-1e-05	-1e-07	0.5	0	-1e-05	-1e-07
426	0.5	0	-1e-05	-5e-08	0.5	0	-1e-05	-5e-08
427	0.5	0	-1e-05	0	0.5	0	-1e-05	0
428	0.5	0	-1e-05	5e-08	0.5	0	-1e-05	5e-08
429	0.5	0	-1e-05	1e-07	0.5	0	-1e-05	1e-07
430	0.5	0	-5e-06	-1e-07	0.5	0	-5e-06	-1e-07
431	0.5	0	-5e-06	-5e-08	0.5	0	-5e-06	-5e-08
432	0.5	0	-5e-06	0	0.5	0	-5e-06	0
433	0.5	0	-5e-06	5e-08	0.5	0	-5e-06	5e-08
434	0.5	0	-5e-06	1e-07	0.5	0	-5e-06	1e-07
435	0.5	0	0	-1e-07	0.5	0	0	-1e-07
436	0.5	0	0	-5e-08	0.5	0	0	-5e-08
437	0.5	0	0	0	0.5	0	0	0
438	0.5	0	0	5e-08	0.5	0	0	5e-08
439	0.5	0	0	1e-07	0.5	0	0	1e-07
440	0.5	0	5e-06	-1e-07	0.5	0	5e-06	-1e-07
441	0.5	0	5e-06	-5e-08	0.5	0	5e-06	-5e-08
442	0.5	0	5e-06	0	0.5	0	5e-06	0
443	0.5	0	5e-06	5e-08	0.5	0	5e-06	5e-08
444	0.5	0	5e-06	1e-07	0.5	0	5e-06	1e-07
445	0.5	0	1e-05	-1e-07	0.5	0	1e-05	-1e-07
446	0.5	0	1e-05	-5e-08	0.5	0	1e-05	-5e-08
447	0.5	0	1e-05	0	0.5	0	1e-05	0
448	0.5	0	1e-05	5e-08	0.5	0	1e-05	5e-08
449	0.5	0	1e-05	1e-07	0.5	0	1e-05	1e-07
450	0.5	0.05	-1e-05	-1e-07	0.5	0.05	-1e-05	-1e-07
451	0.5	0.05	-1e-05	-5e-08	0.5	0.05	-1e-05	-5e-08
452	0.5	0.05	-1e-05	0	0.5	0.05	-1e-05	0
453	0.5	0.05	-1e-05	5e-08	0.5	0.05	-1e-05	5e-08
454	0.5	0.05	-1e-05	1e-07	0.5	0.05	-1e-05	1e-07
455	0.5	0.05	-5e-06	-1e-07	0.5	0.05	-5e-06	-1e-07
456	0.5	0.05	-5e-06	-5e-08	0.5	0.05	-5e-06	-5e-08
457	0.5	0.05	-5e-06	0	0.5	0.05	-5e-06	0
458	0.5	0.05	-5e-06	5e-08	0.5	0.05	-5e-06	5e-08
459	0.5	0.05	-5e-06	1e-07	0.5	0.05	-5e-06	1e-07
460	0.5	0.05	0	-1e-07	0.5	0.05	0	-1e-07
461	0.5	0.05	0	-5e-08	0.5	0.05	0	-5e-08
462	0.5	0.05	0	0	0.5	0.05	0	0
463	0.5	0.05	0	5e-08	0.5	0.05	0	5e-08
464	0.5	0.05	0	1e-07	0.5	0.05	0	1e-07
465	0.5	0.05	5e-06	-1e-07	0.5	0.05	5e-06	-1e-07
466	0.5	0.05	5e-06	-5e-08	0.5	0.05	5e-06	-5e-08
467	0.5	0.05	5e-06	0	0.5	0.05	5e-06	0
468	0.5	0.05	5e-06	5e-08	0.5	0.05	5e-06	5e-08
469	0.5	0.05	5e-06	1e-07	0.5	0.05	5e-06	1e-07
470	0.5	0.05	1e-05	-1e-07	0.5	0.05	1e-05	-1e-07
471	0.5	0.05	1e-05	-5e-08	0.5	0.05	1e-05	-5e-08
472	0.5	0.05	1e-05	0	0.5	0.05	1e-05	0
473	0.5	0.05	1e-05	5e-08	0.5	0.05	1e-05	5e-08
474	0.5	0.05	1e-05	1e-07	0.5	0.05	1e-05	1e-07
475	0.5	0.1	-1e-05	-1e-07	0.5	0.1	-1e-05	-1e-07
476	0.5	0.1	-1e-05	-5e-08	0.5	0.1	-1e-05	-5e-08
477	0.5	0.1	-1e-05	0	0.5	0.1	-1e-05	0
478	0.5	0.1	-1e-05	5e-08	0.5	0.1	-1e-05	5e-08
479	0.5	0.1	-1e-05	1e-07	0.5	0.1	-1e-05	1e-07
480	0.5	0.1	-5e-06	-1e-07	0.5	0.1	-5e-06	-1e-07
481	0.5	0.1	-5e-06	-5e-08	0.5	0.1	-5e-06	-5e-08
482	0.5	0.1	-5e-06	0	0.5	0.1	-5e-06	0
483	0.5	0.1	-5e-06	5e-08	0.5	0.1	-5e-06	5e-08
484	0.5	0.1	-5e-06	1e-07	0.5	0.1	-5e-06	1e-07
485	0.5	0.1	0	-1e-07	0.5	0.1	0	-1e-07
486	0.5	0.1	0	-5e-08	0.5	0.1	0	-5e-08
487	0.5	0.1	0	0	0.5	0.1	0	0
488	0.5	0.1	0	5e-08	0.5	0.1	0	5e-08
489	0.5	0.1	0	1e-07	0.5	0.1	0	1e-07
490	0.5	0.1	5e-06	-1e-07	0.5	0.1	5e-06	-1e-07
491	0.5	0.1	5e-06	-5e-08	0.5	0.1	5e-06	-5e-08
492	0.5	0.1	5e-06	0	0.5	0.1	5e-06	0
493	0.5	0.1	5e-06	5e-08	0.5	0.1	5e-06	5e-08
494	0.5	0.1	5e-06	1e-07	0.5	0.1	5e-06	1e-07
495	0.5	0.1	1e-05	-1e-07	0.5	0.1	1e-05	-1e-07
496	0.5	0.1	1e-05	-5e-08	0.5	0.1	1e-05	-5e-08
497	0.5	0.1	1e-05	0	0.5	0.1	1e-05	0
498	0.5	0.1	1e-05	5e-08	0.5	0.1	1e-05	5e-08
499	0.5	0.1	1e-05	1e-07	0.5	0.1	1e-05	1e-07
500	1	-0.1	-1e-05	-1e-07	1	-0.1	-1e-05	-1e-07
501	1	-0.1	-1e-05	-5e-08	1	-0.1	-1e-05	-5e-08
502	1	-0.1	-1e-05	0	1	-0.1	-1e-05	0
503	1	-0.1	-1e-05	5e-08	1	-0.1	-1e-05	5e-08
504	1	-0.1	-1e-05	1e-07	1	-0.1	-1e-05	1e-07
505	1	-0.1	-5e-06	-1e-07	1	-0.1	-5e-06	-1e-07
506	1	-0.1	-5e-06	-5e-08	1	-0.1	-5e-06	-5e-08
507	1	-0.1	-5e-06	0	1	-0.1	-5e-06	0
508	1	-0.1	-5e-06	5e-08	1	-0.1	-5e-06	5e-08
509	1	-0.1	-5e-06	1e-07	1	-0.1	-5e-06	1e-07
510	1	-0.1	0	-1e-07	1	-0.1	0	-1e-07
511	1	-0.1	0	-5e-08	1	-0.1	0	-5e-08
512	1	-0.1	0	0	1	-0.1	0	0
513	1	-0.1	0	5e-08	1	-0.1	0	5e-08
514	1	-0.1	0	1e-07	1	-0.1	0	1e-07
515	1	-0.1	5e-06	-1e-07	1	-0.1	5e-06	-1e-07
516	1	-0.1	5e-06	-5e-08	1	-0.1	5e-06	-5e-08
517	1	-0.1	5e-06	0	1	-0.1	5e-06	0
518	1	-0.1	5e-06	5e-08	1	-0.1	5e-06	5e-08
519	1	-0.1	5e-06	1e-07	1	-0.1	5e-06	1e-07
520	1	-0.1	1e-05	-1e-07	1	-0.1	1e-05	-1e-07
521	1	-0.1	1e-05	-5e-08	1	-0.1	1e-05	-5e-08
522	1	-0.1	1e-05	0	1	-0.1	1e-05	0
523	1	-0.1	1e-05	5e-08	1	-0.1	1e-05	5e-08
524	1	-0.1	1e-05	1e-07	1	-0.1	1e-05	1e-07
525	1	-0.05	-1e-05	-1e-07	1	-0.05	-1e-05	-1e-07
526	1	-0.05	-1e-05	-5e-08	1	-0.05	-1e-05	-5e-08
527	1	-0.05	-1e-05	0	1	-0.05	-1e-05	0
528	1	-0.05	-1e-05	5e-08	1	-0.05	-1e-05	5e-08
529	1	-0.05	-1e-05	1e-07	1	-0.05	-1e-05	1e-07
530	1	-0.05	-5e-06	-1e-07	1	-0.05	-5e-06	-1e-07
531	1	-0.05	-5e-06	-5e-08	1	-0.05	-5e-06	-5e-08
532	1	-0.05	-5e-06	0	1	-0.05	-5e-06	0
533	1	-0.05	-5e-06	5e-08	1	-0.05	-5e-06	5e-08
534	1	-0.05	-5e-06	1e-07	1	-0.05	-5e-06	1e-07
535	1	-0.05	0	-1e-07	1	-0.05	0	-1e-07
536	1	-0.05	0	-5e-08	1	-0.05	0	-5e-08
537	1	-0.05	0	0	1	-0.05	0	0
538	1	-0.05	0	5e-08	1	-0.05	0	5e-08
539	1	-0.05	0	1e-07	1	-0.05	0	1e-07
540	1	-0.05	5e-06	-1e-07	1	-0.05	5e-06	-1e-07
541	1	-0.05	5e-06	-5e-08	1	-0.05	5e-06	-5e-08
542	1	-0.05	5e-06	0	1	-0.05	5e-06	0
543	1	-0.05	5e-06	5e-08	1	-0.05	5e-06	5e-08
544	1	-0.05	5e-06	1e-07	1	-0.05	5e-06	1e-07
545	1	-0.05	1e-05	-1e-07	1	-0.05	1e-05	-1e-07
546	1	-0.05	1e-05	-5e-08	1	-0.05	1e-05	-5e-08
547	1	-0.05	1e-05	0	1	-0.05	1e-05	0
548	1	-0.05	1e-05	5e-08	1	-0.05	1e-05	5e-08
549	1	-0.05	1e-05	1e-07	1	-0.05	1e-05	1e-07
550	1	0	-1e-05	-1e-07	1	0	-1e-05	-1e-07
551	1	0	-1e-05	-5e-08	1	0	-1e-05	-5e-08
552	1	0	-1e-05	0	1	0	-1e-05	0
553	1	0	-1e-05	5e-08	1	0	-1e-05	5e-08
554	1	0	-1e-05	1e-07	1	0	-1e-05	1e-07
555	1	0	-5e-06	-1e-07	1	0	-5e-06	-1e-07
556	1	0	-5e-06	-5e-08	1	0	-5e-06	-5e-08
557	1	0	-5e-06	0	1	0	-5e-06	0
558	1	0	-5e-06	5e-08	1	0	-5e-06	5e-08
559	1	0	-5e-06	1e-07	1	0	-5e-06	1e-07
560	1	0	0	-1e-07	1	0	0	-1e-07
561	1	0	0	-5e-08	1	0	0	-5e-08
562	1	0	0	0	1	0	0	0
563	1	0	0	5e-08	1	0	0	5e-08
564	1	0	0	1e-07	1	0	0	1e-07
565	1	0	5e-06	-1e-07	1	0	5e-06	-1e-07
566	1	0	5e-06	-5e-08	1	0	5e-06	-5e-08
567	1	0	5e-06	0	1	0	5e-06	0
568	1	0	5e-06	5e-08	1	0	5e-06	5e-08
569	1	0	5e-06	1e-07	1	0	5e-06	1e-07
570	1	0	1e-05	-1e-07	1	0	1e-05	-1e-07
571	1	0	1e-05	-5e-08	1	0	1e-05	-5e-08
572	1	0	1e-05	0	1	0	1e-05	0
573	1	0	1e-05	5e-08	1	0	1e-05	5e-08
574	1	0	1e-05	1e-07	1	0	1e-05	1e-07
575	1	0.05	-1e-05	-1e-07	1	0.05	-1e-05	-1e-07
576	1	0.05	-1e-05	-5e-08	1	0.05	-1e-05	-5e-08
577	1	0.05	-1e-05	0	1	0.05	-1e-05	0
578	1	0.05	-1e-05	5e-08	1	0.05	-1e-05	5e-08
579	1	0.05	-1e-05	1e-07	1	0.05	-1e-05	1e-07
580	1	0.05	-5e-06	-1e-07	1	0.05	-5e-06	-1e-07
581	1	0.05	-5e-06	-5e-08	1	0.05	-5e-06	-5e-08
582	1	0.05	-5e-06	0	1	0.05	-5e-06	0
583	1	0.05	-5e-06	5e-08	1	0.05	-5e-06	5e-08
584	1	0.05	-5e-06	1e-07	1	0.05	-5e-06	1e-07
585	1	0.05	0	-1e-07	1	0.05	0	-1e-07
586	1	0.05	0	-5e-08	1	0.05	0	-5e-08
587	1	0.05	0	0	1	0.05	0	0
588	1	0.05	0	5e-08	1	0.05	0	5e-08
589	1	0.05	0	1e-07	1	0.05	0	1e-07
590	1	0.05	5e-06	-1e-07	1	0.05	5e-06	-1e-07
591	1	0.05	5e-06	-5e-08	1	0.05	5e-06	-5e-08
592	1	0.05	5e-06	0	1	0.05	5e-06	0
593	1	0.05	5e-06	5e-08	1	0.05	5e-06	5e-08
594	1	0.05	5e-06	1e-07	1	0.05	5e-06	1e-07
595	1	0.05	1e-05	-1e-07	1	0.05	1e-05	-1e-07
596	1	0.05	1e-05	-5e-08	1	0.05	1e-05	-5e-08
597	1	0.05	1e-05	0	1	0.05	1e-05	0
598	1	0.05	1e-05	5e-08	1	0.05	1e-05	5e-08
599	1	0.05	1e-05	1e-07	1	0.05	1e-05	1e-07
600	1	0.1	-1e-05	-1e-07	1	0.1	-1e-05	-1e-07
601	1	0.1	-1e-05	-5e-08	1	0.1	-1e-05	-5e-08
602	1	0.1	-1e-05	0	1	0.1	-1e-05	0
603	1	0.1	-1e-05	5e-08	1	0.1	-1e-05	5e-08
604	1	0.1	-1e-05	1e-07	1	0.1	-1e-05	1e-07
605	1	0.1	-5e-06	-1e-07	1	0.1	-5e-06	-1e-07
606	1	0.1	-5e-06	-5e-08	1	0.1	-5e-06	-5e-08
607	1	0.1	-5e-06	0	1	0.1	-5e-06	0
608	1	0.1	-5e-06	5e-08	1	0.1	-5e-06	5e-08
609	1	0.1	-5e-06	1e-07	1	0.1	-5e-06	1e-07
610	1	0.1	0	-1e-07	1	0.1	0	-1e-07
611	1	0.1	0	-5e-08	1	0.1	0	-5e-08
612	1	0.1	0	0	1	0.1	0	0
613	1	0.1	0	5e-08	1	0.1	0	5e-08
614	1	0.1	0	1e-07	1	0.1	0	1e-07
615	1	0.1	5e-06	-1e-07	1	0.1	5e-06	-1e-07
616	1	0.1	5e-06	-5e-08	1	0.1	5e-06	-5e-08
617	1	0.1	5e-06	0	1	0.1	5e-06	0
618	1	0.1	5e-06	5e-08	1	0.1	5e-06	5e-08
619	1	0.1	5e-06	1e-07	1	0.1	5e-06	1e-07
620	1	0.1	1e-05	-1e-07	1	0.1	1e-05	-1e-07
621	1	0.1	1e-05	-5e-08	1	0.1	1e-05	-5e-08
622	1	0.1	1e-05	0	1	0.1	1e-05	0
623	1	0.1	1e-05	5e-08	1	0.1	1e-05	5e-08
624	1	0.1	1e-05	1e-07	1	0.1	1e-05	1e-07
